2019-08-27 17:11:35.923009 imagenet 2500
1,5,1,6,2,4,6,5,6,3,4,3,5,1,1,3,4,6,1,3,6,1,2,2,2,6,1,2,1,6,4,3,1,2,5,6,2,2,6,1,1,1,1,1,6,6,4,4,8,7,2,8,7,6,6,4,1,5,5,7,6,1,7,3,2,4,5,2,2,7,1,3
5,3,5,3,4,0

2019-08-27 17:11:54.882109 imagenet 5000
4,5,1,5,2,3,6,2,1,3,3,5,4,5,1,3,4,6,4,1,6,1,2,2,5,6,2,2,1,3,5,3,5,3,5,6,4,7,6,1,1,1,1,1,3,5,6,1,4,4,1,5,5,1,7,8,3,8,6,3,8,8,1,2,5,1,1,4,3,2,3,5
9,5,6,1,1,4

2019-08-27 17:12:14.825577 imagenet 7500
4,5,1,2,2,3,6,2,1,3,5,2,4,5,1,3,4,1,4,3,6,3,5,2,2,6,1,2,1,6,5,2,5,5,5,6,4,7,6,1,1,1,1,1,3,5,2,1,4,4,1,5,5,1,7,8,3,8,6,3,2,8,1,2,1,5,1,4,3,6,3,5
9,8,6,1,1,7

2019-08-27 17:12:33.756296 imagenet 10000
6,5,1,2,6,3,6,2,1,1,5,2,4,5,1,3,2,1,4,3,6,3,5,4,5,6,2,2,1,6,5,3,5,3,5,6,4,7,6,1,1,1,1,1,3,5,3,1,4,4,1,5,2,1,7,8,3,8,6,3,8,8,1,2,6,5,1,4,3,2,3,5
8,8,5,1,1,5

2019-08-27 17:12:52.750069 imagenet 12500
4,5,1,2,2,3,6,2,1,3,5,2,4,5,1,3,4,1,4,3,6,3,2,1,5,6,1,2,1,6,5,1,6,5,6,6,4,5,6,1,1,1,1,1,3,5,6,1,4,4,1,5,5,1,7,8,6,8,6,3,2,8,3,2,6,5,3,4,3,1,3,2
9,6,5,1,1,4

2019-08-27 17:13:11.927591 imagenet 15000
2,5,1,2,2,3,6,2,1,3,6,2,4,5,1,3,4,1,4,5,6,3,2,1,5,6,1,2,1,6,5,1,6,3,5,6,4,7,6,1,1,1,1,1,3,5,7,1,4,4,1,5,2,1,7,8,3,8,6,3,2,8,1,2,1,5,1,4,3,2,3,5
8,6,6,1,1,6

2019-08-27 17:13:31.267283 imagenet 17500
2,5,1,2,6,3,6,2,1,3,5,2,4,5,3,6,4,1,4,3,6,3,2,1,5,6,2,2,1,6,5,2,6,2,5,6,4,7,6,1,1,1,1,1,3,5,6,1,4,4,1,5,2,1,7,8,3,8,6,3,8,8,1,2,1,5,1,4,3,1,3,5
9,6,4,1,1,6

2019-08-27 17:13:50.891463 imagenet 20000
2,5,1,2,2,3,6,2,1,3,5,2,4,5,3,6,4,1,4,5,6,1,2,1,5,6,2,2,1,6,5,1,5,6,5,6,4,3,6,1,1,1,1,1,3,5,6,1,4,4,1,5,5,1,7,8,3,1,6,3,8,8,1,2,1,5,1,4,3,2,3,5
8,5,4,1,1,6

2019-08-27 17:14:09.953218 imagenet 22500
2,5,1,2,2,3,6,2,1,3,6,5,1,5,1,6,4,1,3,4,4,3,2,1,2,6,1,2,4,6,5,4,1,5,5,6,4,7,6,1,1,1,1,1,3,5,6,1,4,4,1,5,2,1,7,8,6,8,6,3,2,8,3,2,1,5,1,4,3,6,3,5
9,7,5,1,1,7

2019-08-27 17:14:29.087549 imagenet 25000
2,5,1,2,2,3,2,6,1,3,5,5,4,5,3,6,4,6,3,5,6,3,2,2,2,6,2,2,1,1,5,2,5,2,5,6,4,7,6,1,1,1,1,1,3,5,6,1,4,4,1,5,5,1,7,8,3,8,6,3,2,8,1,2,1,5,1,4,3,1,3,5
7,7,5,1,1,6

2019-08-27 17:14:47.972957 imagenet 27500
2,5,1,2,2,3,2,6,1,3,3,2,4,5,1,6,4,1,6,4,6,3,5,2,5,6,2,2,1,4,5,2,5,2,5,3,4,7,6,1,1,1,1,1,3,5,6,1,4,4,1,5,5,1,7,8,3,8,6,3,2,8,1,2,1,5,1,4,3,2,3,5
6,10,4,1,1,6

2019-08-27 17:15:07.239744 imagenet 30000
2,5,1,2,2,3,6,2,1,3,5,5,4,5,1,6,4,6,3,4,6,3,2,2,2,6,2,2,1,1,5,2,5,5,5,6,4,3,6,1,1,1,1,1,3,5,6,1,4,4,1,5,5,1,7,8,3,1,6,3,2,8,3,2,1,5,1,4,3,1,3,5
9,9,5,1,1,6

2019-08-27 17:15:26.342197 imagenet 32500
2,5,1,2,6,3,2,2,1,3,5,5,4,5,1,6,4,3,1,5,6,1,2,2,2,6,2,2,1,1,5,4,5,4,2,5,4,3,6,1,1,1,1,1,3,5,6,1,4,4,1,5,5,1,7,8,3,1,6,3,2,8,1,2,1,5,1,4,3,2,3,2
9,6,6,1,1,5

2019-08-27 17:15:45.857440 imagenet 35000
2,5,1,2,6,3,2,4,1,3,3,2,4,5,1,6,5,3,4,5,6,3,5,1,1,6,2,2,1,3,5,2,3,4,2,5,4,3,6,1,1,1,1,1,3,5,6,1,4,4,1,5,5,1,7,8,3,1,6,3,2,8,1,2,1,5,1,4,3,2,3,5
7,7,6,1,1,6

2019-08-27 17:16:05.129372 imagenet 37500
2,5,1,2,6,3,2,2,1,3,3,2,4,5,1,6,4,3,1,3,6,3,2,2,2,6,2,2,1,3,5,2,3,1,4,5,4,3,6,1,1,1,1,1,3,5,6,1,4,4,1,5,5,1,7,8,3,1,6,3,8,8,1,2,1,5,1,4,3,2,3,5
8,7,8,1,1,6

2019-08-27 17:16:24.291903 imagenet 40000
2,5,1,2,6,3,2,6,1,3,3,2,4,5,3,6,5,3,4,1,6,3,2,2,2,6,2,2,1,2,5,2,5,1,2,6,4,3,6,1,1,1,1,1,3,5,6,1,4,4,1,5,5,1,7,8,3,1,6,3,2,8,3,2,1,5,1,4,3,2,3,5
7,6,5,1,1,6

2019-08-27 17:16:43.469684 imagenet 42500
2,5,1,2,6,3,6,2,1,3,3,2,4,5,1,6,4,3,3,3,6,3,2,2,2,6,1,2,1,1,5,2,1,3,2,3,4,3,6,1,1,1,1,1,3,5,6,1,4,4,1,5,5,1,7,8,3,8,6,3,2,8,3,2,1,5,1,4,3,2,3,5
9,8,7,1,1,6

2019-08-27 17:17:02.612759 imagenet 45000
2,5,1,2,6,3,6,2,1,3,3,3,4,5,1,6,5,1,3,4,6,3,5,2,2,6,1,2,4,2,5,2,1,1,5,6,4,3,6,1,1,1,1,1,3,5,6,1,4,4,1,5,5,1,7,8,3,1,6,3,2,8,1,2,1,5,1,4,3,2,3,5
9,11,5,1,1,6

2019-08-27 17:17:21.811599 imagenet 47500
4,5,1,2,6,3,6,2,1,3,3,2,4,5,3,6,4,3,3,5,6,3,2,2,2,6,1,2,1,1,4,2,5,1,2,5,4,3,6,1,1,1,1,1,3,5,6,1,4,4,1,5,5,1,7,8,3,1,6,3,2,8,1,2,1,5,1,4,3,1,3,5
10,7,6,1,1,6

2019-08-27 17:17:41.019539 imagenet 50000
2,5,1,2,6,3,6,2,1,3,6,6,4,5,1,6,4,6,3,1,6,3,2,6,2,6,2,2,1,1,5,2,5,4,5,5,4,3,6,1,1,1,1,1,3,5,6,1,4,4,1,5,5,1,7,8,3,1,6,3,8,8,3,2,1,5,1,4,3,2,3,5
9,7,6,1,1,6

2019-08-27 17:18:00.272116 imagenet 52500
2,5,1,2,6,3,6,2,1,3,6,6,4,5,3,6,2,6,3,3,6,3,1,4,5,6,2,2,1,3,5,2,5,1,4,5,4,8,6,1,1,1,1,1,3,5,6,1,4,4,1,5,5,1,7,8,6,1,6,3,2,8,3,2,1,5,1,4,3,2,3,5
9,7,7,1,1,6

2019-08-27 17:18:19.224607 imagenet 55000
2,5,1,2,6,3,6,2,1,3,3,6,4,5,3,6,2,1,3,4,6,1,5,6,2,6,2,2,1,3,5,2,5,4,4,3,4,3,6,1,1,1,1,1,3,5,6,1,4,4,1,5,5,1,7,8,3,1,6,3,8,8,1,2,1,5,1,4,3,2,3,5
9,9,7,1,1,6

2019-08-27 17:18:38.236724 imagenet 57500
2,5,1,2,6,3,6,2,1,3,3,6,4,5,3,6,5,3,3,5,6,3,1,2,2,6,2,2,1,4,5,2,5,4,2,5,4,3,6,1,1,1,1,1,3,5,6,1,4,4,1,5,5,1,7,8,3,1,6,3,2,8,3,2,1,5,1,4,3,2,3,5
9,7,6,1,1,6

2019-08-27 17:18:57.087770 imagenet 60000
2,5,1,2,6,3,6,2,1,3,3,6,4,5,3,6,3,6,3,1,6,3,5,6,2,6,1,2,1,1,4,2,3,4,4,5,4,3,6,1,1,1,1,1,3,5,6,1,4,4,1,5,5,1,7,8,3,1,6,3,8,8,3,2,1,5,1,4,3,2,3,5
9,7,7,1,1,6

2019-08-27 17:19:16.722365 imagenet 62500
2,5,1,2,6,3,6,2,1,3,6,5,4,5,3,6,2,3,3,1,6,3,4,6,2,6,2,2,1,1,5,2,5,4,6,5,4,3,6,1,1,1,1,1,3,5,6,1,4,4,1,5,5,1,7,8,6,1,6,3,8,8,3,2,1,5,1,4,3,1,3,5
10,7,6,1,1,6

2019-08-27 17:19:36.015469 imagenet 65000
2,5,1,2,6,3,6,2,1,3,3,6,4,5,3,6,2,3,3,1,6,3,4,6,2,6,2,2,1,1,5,2,5,4,4,3,4,3,6,1,1,1,1,1,3,5,6,1,4,4,1,5,1,1,7,8,3,4,6,3,8,8,3,2,1,5,1,4,3,2,3,5
9,7,6,1,1,6

2019-08-27 17:19:55.784223 imagenet 67500
4,5,1,2,6,3,6,2,1,3,6,2,4,5,3,6,5,3,1,5,6,3,2,6,2,6,2,2,1,1,5,4,5,4,2,5,4,3,6,1,1,1,1,1,3,5,6,1,4,4,1,5,5,1,7,8,6,1,6,3,2,8,3,2,1,5,1,4,3,2,3,5
10,5,6,1,1,6

2019-08-27 17:20:18.725635 imagenet 70000
4,5,1,2,6,3,6,2,1,3,6,5,4,5,3,6,5,3,3,1,6,3,1,2,2,6,1,2,1,1,5,2,5,4,2,5,4,3,6,1,1,1,1,1,3,5,6,1,4,4,1,5,5,1,7,8,6,4,6,3,8,8,3,2,1,5,1,4,3,1,3,5
11,7,7,1,1,6

2019-08-27 17:20:37.622196 imagenet 72500
2,5,1,2,1,3,6,2,1,3,6,6,4,5,3,6,5,3,3,4,6,3,4,2,2,6,1,2,1,1,5,2,3,4,2,5,4,3,6,1,1,1,1,1,3,5,6,1,4,4,1,5,5,1,7,8,3,8,6,3,8,8,3,2,1,5,1,4,3,2,3,5
8,8,7,1,1,6

2019-08-27 17:20:56.721706 imagenet 75000
4,5,1,2,6,3,6,2,1,3,6,6,4,5,3,6,2,3,3,1,6,3,2,2,2,6,1,2,1,1,5,2,5,4,2,3,4,3,6,1,1,1,1,1,3,5,6,1,4,4,1,5,5,1,7,8,6,1,6,3,8,8,3,2,1,5,1,4,3,2,3,5
10,8,6,1,1,6

2019-08-27 17:21:15.765660 imagenet 77500
2,5,1,2,6,3,6,2,1,3,6,5,4,5,3,6,2,6,3,1,6,1,4,6,2,6,1,2,1,5,5,2,5,4,2,5,4,3,6,1,1,1,1,1,3,5,6,1,4,4,1,5,5,1,7,8,6,1,6,3,8,8,3,2,1,5,1,4,3,1,3,5
10,6,7,1,1,6

2019-08-27 17:21:34.966940 imagenet 80000
4,5,1,2,2,3,6,2,1,3,3,2,4,5,1,6,2,3,3,4,6,3,4,2,2,6,1,2,1,1,5,2,5,4,2,5,4,3,6,1,1,1,1,1,3,5,6,1,4,4,1,5,5,1,7,8,3,8,6,3,8,8,3,2,1,5,1,4,3,2,3,5
9,10,7,1,1,6

2019-08-27 17:21:53.896950 imagenet 82500
2,5,1,2,6,3,6,2,1,3,6,6,4,5,3,6,2,3,3,1,6,3,2,6,2,6,1,2,1,1,5,2,3,4,2,5,4,3,6,1,1,1,1,1,3,5,6,1,4,4,1,5,5,1,7,8,6,1,6,3,2,8,3,2,1,5,1,4,3,2,3,5
9,7,7,1,1,6

2019-08-27 17:22:13.032435 imagenet 85000
2,5,1,2,6,3,6,2,1,3,6,5,4,5,3,6,2,3,3,4,6,3,2,2,2,6,2,2,1,5,5,2,5,4,2,5,4,5,6,1,1,1,1,1,3,5,6,1,4,4,1,5,5,1,7,8,6,4,6,3,8,8,3,2,1,5,1,4,3,1,3,5
10,9,6,1,1,6

2019-08-27 17:22:32.455006 imagenet 87500
4,5,1,2,6,3,6,2,1,3,6,2,4,5,3,6,3,3,6,4,6,3,4,6,5,6,2,2,1,1,5,2,3,4,4,5,4,7,6,1,1,1,1,1,3,5,3,1,4,4,1,5,1,1,7,8,6,4,6,3,2,8,3,2,1,5,1,4,3,1,3,5
10,6,6,1,1,6

2019-08-27 17:22:51.310180 imagenet 90000
2,5,1,2,6,3,6,2,1,3,6,6,4,5,3,6,2,3,6,1,6,1,2,6,2,6,1,2,1,1,5,2,3,4,2,5,4,3,6,1,1,1,1,1,3,5,6,1,4,4,1,5,1,1,7,8,6,4,6,3,8,8,3,2,1,5,1,4,3,1,3,5
9,5,7,1,1,6

2019-08-27 17:23:10.374639 imagenet 92500
2,5,1,2,6,3,6,2,1,3,6,2,4,5,3,6,2,6,4,1,6,3,4,6,1,6,2,2,1,2,5,4,5,4,2,3,4,3,6,1,1,1,1,1,3,5,6,1,4,4,1,5,1,1,7,8,6,4,6,3,8,8,3,2,1,5,1,4,3,1,3,5
9,6,4,1,1,6

2019-08-27 17:23:29.550541 imagenet 95000
4,5,1,2,6,3,6,2,1,3,6,5,4,5,3,6,2,3,3,6,6,3,2,6,2,6,1,2,1,1,5,4,3,2,5,5,7,4,6,1,1,1,1,1,1,5,3,2,4,4,5,4,2,1,3,8,2,4,6,2,8,5,3,2,6,5,1,6,5,5,8,6
11,7,7,2,1,2

2019-08-27 17:23:49.871730 imagenet 97500
4,5,1,2,6,3,6,2,1,3,3,6,4,5,3,6,2,6,3,1,6,3,2,6,2,6,1,2,1,1,5,6,5,4,2,3,4,5,6,1,1,1,1,1,3,5,6,1,4,4,1,5,1,1,7,8,3,4,6,3,8,8,3,2,1,5,1,4,3,2,3,5
10,7,7,1,1,6

2019-08-27 17:24:09.136858 imagenet 100000
2,5,1,4,6,3,2,2,1,3,3,6,4,5,3,6,2,3,3,1,6,3,2,2,2,6,2,2,1,2,5,4,3,4,2,5,4,3,6,1,1,1,1,1,3,5,6,1,4,4,1,5,2,1,7,8,3,8,6,3,8,8,3,2,1,5,1,4,3,2,3,5
7,8,6,1,1,6

2019-08-27 17:24:28.237537 imagenet 102500
4,5,1,2,6,3,6,2,1,3,6,6,4,5,3,6,2,6,3,1,6,3,4,6,2,6,1,2,1,1,5,2,5,3,2,5,4,5,6,1,1,1,1,1,3,5,6,1,4,4,1,5,5,1,7,8,6,4,6,3,2,8,3,2,1,5,1,4,3,5,3,5
10,7,8,1,1,6

2019-08-27 17:24:47.187049 imagenet 105000
4,5,1,2,6,3,6,2,1,3,6,2,4,5,3,6,2,3,3,1,6,3,4,6,2,6,2,1,1,1,5,4,1,4,2,3,4,3,6,1,1,1,1,1,3,5,3,1,4,4,1,5,1,1,7,8,6,4,6,3,8,8,3,2,1,5,1,4,3,1,3,8
10,7,4,1,1,5

2019-08-27 17:25:06.110525 imagenet 107500
2,5,1,4,1,3,6,4,1,3,6,2,4,5,3,6,2,6,1,1,6,3,4,6,1,6,2,2,1,5,5,4,3,4,4,5,4,5,6,1,1,1,1,1,3,5,6,1,4,4,1,5,1,1,7,8,3,4,6,3,8,8,3,2,1,5,1,4,3,2,3,5
6,6,6,1,1,6

2019-08-27 17:25:25.168883 imagenet 110000
4,5,1,2,6,3,6,2,1,3,6,6,4,5,3,6,2,6,6,3,6,3,4,6,2,6,2,2,1,1,5,4,3,1,2,5,4,8,6,1,1,1,1,1,3,5,6,1,4,4,1,5,1,1,7,8,6,4,6,3,2,8,3,2,1,5,1,4,3,5,3,5
10,6,6,1,1,6

2019-08-27 17:25:44.099045 imagenet 112500
4,5,1,2,6,3,6,2,1,3,6,6,4,5,3,6,2,1,3,4,6,3,4,6,2,6,1,2,1,2,5,4,5,3,5,3,4,5,6,1,1,1,1,1,3,5,3,1,4,4,1,5,1,1,7,8,3,4,6,3,8,8,3,2,1,5,1,4,3,5,3,5
10,9,7,1,1,6

2019-08-27 17:26:02.942211 imagenet 115000
4,5,1,3,6,3,6,2,1,3,6,5,4,5,3,6,2,3,4,1,6,3,4,6,1,6,2,2,1,4,5,3,3,4,2,5,4,3,6,1,1,1,1,1,3,5,3,1,4,4,1,5,2,1,7,8,6,4,6,3,8,8,3,2,1,5,1,4,3,1,3,5
10,6,5,1,1,6

2019-08-27 17:26:22.039253 imagenet 117500
2,5,1,4,1,3,6,2,1,3,6,6,4,5,3,6,2,6,3,5,1,3,2,6,2,6,2,2,1,1,5,5,3,4,4,5,4,5,6,1,1,1,1,1,3,5,6,1,4,4,1,5,1,1,7,8,6,4,6,3,8,8,3,2,1,5,1,4,3,1,3,8
7,6,7,1,1,5

2019-08-27 17:26:41.145634 imagenet 120000
4,5,1,4,6,3,6,2,1,3,6,6,4,5,3,6,2,6,3,1,1,3,2,6,2,6,1,2,1,4,5,2,3,4,4,5,4,5,6,1,1,1,1,1,3,5,3,1,4,4,1,5,1,1,7,8,6,4,6,3,8,8,3,2,1,5,1,4,3,1,8,5
9,6,8,1,1,5

2019-08-27 17:27:00.206354 imagenet 122500
4,5,1,4,6,3,6,2,1,1,6,6,4,5,3,6,2,6,6,1,6,3,2,6,2,6,2,2,1,1,5,4,3,4,2,5,4,5,6,1,1,1,1,1,3,5,6,1,4,4,1,5,1,1,7,8,3,4,6,3,2,8,3,2,1,5,1,4,3,2,3,5
8,6,6,1,1,6

2019-08-27 17:27:19.323207 imagenet 125000
4,5,1,4,6,3,6,2,1,3,6,2,4,5,3,6,2,6,3,1,6,3,2,6,2,6,2,2,1,1,5,2,3,4,4,5,4,5,6,1,1,1,1,1,3,5,6,1,4,4,1,5,1,1,7,8,6,4,6,3,8,8,3,2,1,5,1,4,3,5,3,5
9,7,7,1,1,6

2019-08-27 17:27:38.501069 imagenet 127500
2,5,1,2,6,3,6,2,1,3,6,6,4,5,3,6,3,3,3,5,6,3,4,6,2,6,1,2,1,1,5,2,5,4,5,5,4,5,6,1,1,1,1,1,3,5,6,1,4,4,1,5,1,1,7,8,6,4,6,3,8,8,3,2,1,5,1,4,3,5,3,8
9,6,7,1,1,5

2019-08-27 17:27:57.610644 imagenet 130000
2,5,1,2,6,3,6,2,1,3,6,6,4,5,3,6,2,6,3,1,6,3,2,6,1,6,2,2,1,1,5,6,5,4,2,5,4,7,6,1,1,1,1,1,3,5,6,1,4,4,1,5,1,1,7,8,6,4,6,3,2,8,3,2,1,5,1,4,3,1,3,8
9,7,6,1,1,5

2019-08-27 17:28:16.935534 imagenet 132500
2,5,1,2,6,3,6,2,1,3,6,5,4,5,3,6,2,6,3,1,6,1,2,6,1,6,1,2,1,3,5,5,5,1,5,5,4,5,6,1,1,1,1,1,3,5,6,1,4,4,1,5,2,1,7,8,6,4,6,3,8,8,3,2,1,5,1,4,3,1,3,5
10,6,7,1,1,6

2019-08-27 17:28:36.183432 imagenet 135000
2,5,1,4,6,3,6,2,1,3,6,5,4,5,4,6,3,1,3,4,6,3,5,6,2,6,2,2,1,4,5,4,3,4,4,5,4,8,1,1,1,1,1,1,3,5,6,1,4,4,1,5,3,1,7,8,6,4,6,3,8,8,3,2,1,5,1,4,3,1,3,5
9,9,7,1,1,6

2019-08-27 17:28:55.249872 imagenet 137500
2,5,1,4,1,3,6,2,1,3,6,2,4,5,3,6,2,3,3,4,6,3,5,6,5,6,2,2,1,1,5,2,3,4,4,5,4,5,6,1,1,1,1,1,3,5,6,1,4,4,1,5,2,1,7,8,6,4,6,3,2,8,3,2,1,5,1,4,3,2,3,5
7,9,6,1,1,6

2019-08-27 17:29:14.186860 imagenet 140000
2,5,1,4,1,3,6,2,1,3,6,2,4,5,4,6,3,3,4,1,6,3,4,6,1,6,1,2,1,3,5,3,3,4,4,5,4,5,6,1,1,1,1,1,3,5,6,1,4,4,1,5,1,1,7,8,6,4,6,3,8,8,3,2,1,5,1,4,3,1,3,5
7,5,8,1,1,6

2019-08-27 17:29:33.831404 imagenet 142500
4,5,1,2,6,3,6,2,1,3,6,5,4,5,3,6,3,3,3,3,6,3,4,6,2,6,2,2,1,1,5,2,3,1,5,3,4,4,6,1,1,1,1,1,3,5,3,1,4,4,1,5,2,1,7,8,6,8,6,3,8,8,3,2,6,5,1,4,3,5,3,8
11,6,5,1,1,4

2019-08-27 17:29:52.841819 imagenet 145000
4,5,1,2,1,3,6,2,1,3,6,5,4,5,1,6,3,6,3,4,6,3,4,6,2,6,1,2,1,5,5,2,2,1,1,5,4,3,6,1,1,1,1,1,3,5,6,1,4,4,1,5,2,1,7,8,6,4,6,3,8,8,3,2,1,5,1,4,3,5,3,5
10,8,7,1,1,6

2019-08-27 17:30:13.638257 imagenet 147500
2,5,1,4,5,3,6,2,1,3,6,4,4,5,3,6,2,3,3,1,6,3,4,6,2,6,1,2,1,2,5,2,3,4,2,5,4,5,6,1,1,1,1,1,3,5,6,1,4,4,1,5,2,1,7,8,6,4,6,3,8,8,3,2,1,5,1,4,3,5,3,5
7,7,7,1,1,6

2019-08-27 17:30:32.786029 imagenet 150000
2,5,1,4,6,3,6,2,1,3,6,5,4,5,1,6,2,3,3,1,6,5,5,1,2,6,2,2,1,1,5,4,3,4,5,5,4,7,6,1,1,1,1,1,3,5,3,1,4,4,1,5,1,1,7,8,6,4,6,3,2,8,3,2,6,5,1,4,3,1,3,5
9,8,6,1,1,5

2019-08-27 17:30:51.875393 imagenet 152500
2,5,1,4,1,3,6,2,1,3,6,6,4,5,4,6,2,3,4,1,6,5,5,6,1,6,2,2,1,3,5,3,3,4,4,5,4,5,6,1,1,1,1,1,3,5,6,1,4,4,1,5,2,1,7,8,6,4,6,3,2,8,3,2,6,5,1,4,3,1,3,5
7,6,7,1,1,5

2019-08-27 17:31:11.015188 imagenet 155000
2,5,1,4,1,3,6,2,1,3,6,6,4,5,3,6,2,3,6,1,6,3,5,6,1,6,2,2,1,2,5,4,3,4,2,5,4,5,6,1,1,1,1,1,3,5,6,1,4,4,1,5,2,1,7,8,6,4,6,3,2,8,3,2,1,5,1,4,3,1,3,5
7,7,5,1,1,6

2019-08-27 17:31:29.866996 imagenet 157500
2,5,1,4,1,3,6,2,1,3,6,6,4,5,3,6,2,6,4,1,6,3,4,6,1,6,2,2,1,1,5,2,3,4,4,5,4,5,6,1,1,1,1,1,3,5,6,1,4,4,1,5,2,1,7,8,6,4,6,3,8,8,3,2,1,5,1,4,3,1,8,5
7,6,6,1,1,5

2019-08-27 17:31:48.870513 imagenet 160000
2,5,1,4,5,3,6,2,1,3,6,6,4,5,3,6,2,3,4,1,1,3,5,6,1,6,2,2,1,3,5,2,3,4,4,5,4,5,6,1,1,1,1,1,3,5,6,1,4,4,1,5,2,1,7,8,6,4,6,3,8,8,3,2,1,5,1,4,3,5,3,5
7,6,7,1,1,6

2019-08-27 17:32:07.930498 imagenet 162500
4,5,1,2,6,3,6,2,1,3,6,6,4,5,3,6,2,3,4,1,6,3,4,6,2,6,2,2,1,1,5,4,3,4,4,5,4,3,6,1,1,1,1,1,3,5,3,1,4,4,1,5,2,1,7,8,6,4,6,3,8,8,1,2,1,5,1,4,3,1,8,8
10,6,7,1,1,4

2019-08-27 17:32:26.960997 imagenet 165000
2,5,1,4,6,3,6,2,1,3,6,4,4,5,3,6,2,3,6,1,6,3,4,1,2,6,2,2,1,1,5,6,3,4,2,5,4,5,6,1,1,1,1,1,3,5,3,1,4,4,1,5,2,1,7,8,6,4,6,3,8,8,3,2,1,5,1,4,3,5,3,5
8,6,7,1,1,6

2019-08-27 17:32:45.991836 imagenet 167500
4,5,1,2,6,3,6,2,1,3,6,2,4,5,3,6,2,3,6,1,6,3,4,2,2,6,1,2,1,1,1,2,3,4,2,3,4,5,6,1,1,1,1,1,3,5,6,1,4,4,1,5,2,1,7,8,3,4,6,3,2,8,3,2,1,5,1,4,3,2,3,5
10,7,5,1,1,6

2019-08-27 17:33:05.075241 imagenet 170000
4,5,1,2,6,3,6,2,1,3,6,2,4,5,1,6,3,3,3,1,6,3,2,1,2,6,1,5,1,1,5,2,5,1,2,3,4,1,6,1,1,1,1,1,3,5,3,1,4,4,1,5,1,1,7,8,6,4,6,3,8,8,3,2,1,5,1,4,3,5,8,8
10,7,5,1,1,4

2019-08-27 17:33:24.376980 imagenet 172500
4,5,1,4,6,3,6,2,1,3,6,6,4,5,3,6,2,6,3,1,1,3,1,1,2,6,1,2,1,1,5,4,3,4,2,5,4,5,6,1,1,1,1,1,3,5,3,1,4,4,1,5,2,1,7,8,6,4,6,3,8,8,3,2,1,5,1,4,3,1,3,5
9,6,7,1,1,6

2019-08-27 17:33:44.099963 imagenet 175000
4,5,1,4,6,3,6,2,1,3,6,6,4,5,3,6,2,6,3,1,6,5,2,1,2,6,1,2,1,1,5,2,5,4,2,5,4,5,6,1,1,1,1,1,3,5,3,1,4,4,1,5,2,1,7,8,6,4,6,3,8,8,3,2,1,5,1,4,3,5,8,8
9,6,7,1,1,4

2019-08-27 17:34:04.054860 imagenet 177500
2,5,1,4,6,3,6,2,1,3,6,6,4,5,3,6,3,3,3,1,6,3,4,1,2,6,1,2,1,1,5,2,5,4,4,5,4,5,6,1,1,1,1,1,3,5,6,1,4,4,1,5,2,1,7,8,6,4,6,3,8,8,3,2,1,5,1,4,3,1,3,5
8,6,8,1,1,6

2019-08-27 17:34:23.548168 imagenet 180000
4,5,1,3,6,3,6,2,1,3,6,5,4,5,3,6,1,3,6,1,1,3,2,1,2,6,2,2,1,1,5,4,5,4,2,5,4,5,6,1,1,1,1,1,3,5,3,1,4,4,1,5,2,1,7,8,6,8,6,3,8,8,3,2,1,5,1,4,3,5,8,8
10,4,6,1,1,4

2019-08-27 17:34:42.647710 imagenet 182500
4,5,1,4,6,3,6,2,1,3,6,2,4,5,3,6,1,3,4,1,1,5,2,1,2,6,1,2,1,1,5,4,5,4,2,5,4,4,6,1,1,1,1,1,3,5,3,1,4,4,1,5,2,1,7,8,6,8,6,3,8,8,3,2,6,5,1,4,3,5,3,8
9,3,7,1,1,4

2019-08-27 17:35:01.486912 imagenet 185000
4,5,1,4,6,3,6,2,1,3,6,2,4,5,3,6,3,6,3,1,1,5,2,1,2,6,2,2,1,1,5,4,5,4,2,5,4,5,6,1,1,1,1,1,3,5,3,1,4,4,1,5,2,1,7,8,6,4,6,3,2,8,3,2,6,5,1,4,3,5,3,5
9,4,6,1,1,5

2019-08-27 17:35:20.606650 imagenet 187500
4,5,1,2,6,3,6,2,1,3,6,5,4,5,3,6,1,3,3,1,6,3,2,1,2,6,1,5,1,1,5,2,5,1,2,5,4,5,6,1,1,1,1,1,3,5,3,1,4,4,1,5,2,1,7,8,6,4,6,3,8,8,3,2,1,5,1,4,3,5,3,8
11,6,6,1,1,5

2019-08-27 17:35:39.845698 imagenet 190000
4,5,1,2,6,3,6,2,1,3,6,5,4,5,1,6,3,3,4,1,6,1,2,1,2,6,2,2,1,1,1,6,5,4,2,5,4,3,6,1,1,1,1,1,3,5,3,1,4,4,1,5,2,1,7,8,6,8,6,3,2,8,3,2,1,5,1,4,3,5,3,8
11,5,6,1,1,5

2019-08-27 17:35:58.963564 imagenet 192500
2,5,1,4,6,3,6,2,1,3,6,6,4,5,1,6,3,3,3,1,6,3,2,1,2,6,1,2,1,1,5,2,3,1,2,3,4,5,6,1,1,1,1,1,3,5,6,1,4,4,1,5,2,1,7,8,3,4,6,3,2,8,3,2,6,5,1,4,3,1,3,5
8,7,6,1,1,5

2019-08-27 17:36:18.082263 imagenet 195000
4,5,1,2,6,3,6,2,1,3,6,5,4,5,1,6,3,3,3,1,1,3,4,1,2,6,1,2,1,1,5,4,5,1,4,5,4,5,6,1,1,1,1,1,3,5,6,1,4,4,1,5,2,1,7,8,6,4,6,3,8,8,3,2,1,5,1,4,3,5,3,5
11,6,8,1,1,6

2019-08-27 17:36:37.373128 imagenet 197500
4,5,1,4,6,3,6,2,1,3,6,5,4,5,1,6,3,3,3,3,6,3,4,1,2,6,2,2,1,1,5,4,3,1,4,5,4,5,6,1,1,1,1,1,3,5,3,1,4,4,1,5,2,1,7,8,6,4,6,3,8,8,3,2,6,5,1,4,3,5,3,5
10,7,7,1,1,5

2019-08-27 17:36:56.334735 imagenet 200000
4,5,1,2,6,3,6,2,1,3,6,6,4,5,3,6,3,3,3,1,6,3,4,1,2,6,1,2,1,1,5,4,3,4,2,5,4,5,6,1,1,1,1,1,3,5,6,1,4,4,1,5,2,1,7,8,3,4,6,3,8,8,3,2,6,5,1,4,3,1,3,5
10,6,7,1,1,5

2019-08-27 17:37:15.780261 imagenet 202500
2,5,1,4,1,3,6,2,1,3,6,5,4,5,3,6,3,3,3,3,5,3,2,1,2,6,1,5,1,5,5,2,3,4,4,5,4,8,6,1,1,1,1,1,3,5,3,1,4,4,1,5,2,1,7,8,6,4,6,3,8,8,3,2,6,5,1,4,3,1,3,5
8,5,7,1,1,5

2019-08-27 17:37:34.983439 imagenet 205000
4,5,1,4,6,3,6,2,1,3,6,5,4,5,3,6,3,3,3,4,6,3,2,1,2,6,2,2,1,1,5,6,3,4,4,5,4,5,6,1,1,1,1,1,3,5,3,1,4,4,1,5,2,1,7,8,6,4,6,3,8,8,3,2,1,5,1,4,3,5,3,5
10,7,8,1,1,6

2019-08-27 17:37:53.828832 imagenet 207500
2,5,1,4,6,3,6,2,1,3,6,2,4,5,3,6,3,3,3,5,6,3,2,1,2,6,2,2,1,1,5,4,3,4,2,5,4,5,6,1,1,1,1,1,3,5,3,1,4,4,1,5,2,1,7,8,6,4,6,3,8,8,3,2,6,5,1,4,3,1,8,5
8,6,6,1,1,4

2019-08-27 17:38:12.963925 imagenet 210000
4,5,1,4,6,3,6,2,1,3,6,5,4,5,3,6,3,3,3,1,6,3,2,1,2,6,1,2,1,1,5,4,3,4,4,5,4,8,6,1,1,1,1,1,3,5,6,1,4,4,1,5,2,1,7,8,6,4,6,3,8,8,3,2,6,5,1,4,3,1,3,5
10,6,8,1,1,5

2019-08-27 17:38:32.018288 imagenet 212500
4,5,1,2,6,3,6,2,1,3,6,5,4,5,3,6,3,3,6,5,6,3,1,1,2,6,1,2,1,1,1,6,3,4,4,5,4,3,6,1,1,1,1,1,3,5,6,5,4,4,1,5,2,1,7,8,6,4,6,3,8,8,3,2,6,5,1,4,3,1,3,5
11,5,8,1,1,5

2019-08-27 17:38:51.165175 imagenet 215000
4,5,1,4,6,3,6,2,1,3,6,4,4,5,3,6,3,3,3,5,6,3,4,1,2,6,2,2,1,1,5,6,3,4,4,3,4,3,6,1,1,1,1,1,3,5,3,5,4,4,1,5,1,1,7,8,6,4,6,3,8,8,3,2,1,5,1,4,3,5,8,8
9,6,7,1,1,4

2019-08-27 17:39:10.004211 imagenet 217500
2,5,1,4,6,3,6,2,1,3,6,6,4,5,3,6,1,3,3,1,6,5,2,1,2,6,2,2,1,1,5,6,3,4,2,5,4,5,6,1,1,1,1,1,3,5,3,5,4,4,1,5,2,1,7,8,6,4,6,3,2,8,3,2,1,5,1,4,3,2,3,5
8,5,7,1,1,6

2019-08-27 17:39:29.003916 imagenet 220000
4,5,1,4,6,3,6,2,1,3,6,5,4,5,1,6,3,3,3,5,1,3,2,1,2,6,1,2,1,1,5,6,3,4,2,5,4,8,6,1,1,1,1,1,3,5,3,5,4,4,1,5,2,1,7,8,6,4,6,3,8,8,1,2,6,5,1,4,3,5,3,8
10,6,8,1,1,4

2019-08-27 17:39:47.961878 imagenet 222500
2,5,1,4,6,3,6,2,1,3,6,5,4,5,1,6,2,3,4,1,6,3,1,1,2,6,1,2,1,1,3,6,3,4,4,5,4,5,6,1,1,1,1,1,3,5,3,1,4,2,1,5,2,1,7,8,6,4,6,3,8,8,3,2,6,5,1,4,3,2,8,2
9,7,8,1,0,3

2019-08-27 17:40:07.144100 imagenet 225000
2,5,1,4,6,3,6,2,1,3,6,6,4,5,3,6,2,3,3,1,1,3,4,1,2,6,1,2,1,1,3,2,3,4,4,5,4,5,6,1,1,1,1,1,3,5,6,5,4,4,1,5,2,1,7,8,6,4,6,3,8,8,3,2,6,5,1,4,3,2,3,5
8,6,7,1,1,5

2019-08-27 17:40:26.625802 imagenet 227500
4,5,1,2,6,3,6,2,1,3,6,5,4,5,3,6,2,6,3,1,1,3,2,1,2,6,2,2,1,1,3,4,5,4,2,5,4,3,6,1,1,1,1,1,3,5,3,1,4,4,1,5,2,1,7,8,6,4,6,3,2,8,3,2,6,5,1,4,3,1,8,5
11,6,5,1,1,4

2019-08-27 17:40:45.522991 imagenet 230000
4,5,1,2,6,3,6,2,1,3,6,6,4,5,1,6,1,3,3,1,6,3,2,1,2,6,1,2,1,1,5,6,5,1,2,3,4,5,6,1,1,1,1,1,3,5,3,1,4,4,1,5,2,1,7,8,6,8,6,3,8,8,3,2,6,5,1,4,3,1,3,5
10,7,7,1,1,5

2019-08-27 17:41:05.722407 imagenet 232500
4,5,1,2,6,3,6,2,1,3,6,5,4,5,1,6,1,3,3,5,6,3,2,1,2,6,1,5,1,1,5,6,3,1,2,3,4,8,6,1,1,1,1,1,3,5,3,1,4,4,1,5,2,1,7,8,6,4,6,3,8,8,3,2,1,5,1,4,3,1,8,5
11,7,6,1,1,5

2019-08-27 17:41:25.227291 imagenet 235000
2,5,1,4,6,3,6,2,1,3,6,6,1,5,1,6,3,3,3,1,6,3,2,1,2,6,2,5,1,1,5,2,3,4,4,3,4,5,6,1,1,1,1,1,3,5,6,1,4,4,1,5,2,1,7,8,6,4,6,3,8,8,3,2,6,5,1,4,3,1,8,5
8,6,5,1,1,4

2019-08-27 17:41:44.420416 imagenet 237500
4,5,1,4,6,3,6,2,1,3,6,5,2,5,1,6,2,3,3,1,1,3,4,6,1,6,1,2,1,1,1,2,3,4,4,5,4,8,6,1,1,1,1,1,3,5,3,1,4,4,1,5,1,1,2,6,6,4,6,3,8,8,3,5,1,5,3,4,3,2,8,8
10,6,6,1,1,3

2019-08-27 17:42:03.481426 imagenet 240000
4,5,1,2,6,3,6,2,1,3,6,5,4,5,1,6,1,3,3,3,6,3,2,1,2,6,1,2,1,1,3,4,5,1,4,3,4,8,6,1,1,1,1,1,3,5,6,1,4,4,1,5,1,1,2,6,6,4,6,3,8,8,3,5,1,5,3,4,3,1,8,8
11,7,6,1,1,3

2019-08-27 17:42:23.268687 imagenet 242500
4,5,1,4,6,3,6,2,1,3,6,5,2,5,1,6,2,6,3,3,1,3,2,6,2,6,1,2,1,1,1,2,3,4,2,5,4,8,6,1,1,1,1,1,3,5,6,1,4,4,1,5,1,1,7,8,6,4,6,3,8,8,3,2,6,5,1,4,3,1,8,8
10,6,6,1,1,3

2019-08-27 17:42:42.212582 imagenet 245000
4,5,1,4,1,3,6,2,1,3,6,6,2,5,1,6,3,3,3,3,6,3,1,6,1,6,1,2,1,1,1,2,3,4,4,5,4,8,6,1,1,1,1,1,3,5,3,1,4,4,1,5,2,1,7,8,6,4,6,3,8,8,3,2,1,5,1,4,3,1,3,5
8,6,6,1,1,6

2019-08-27 17:43:01.203152 imagenet 247500
4,5,1,2,6,3,6,2,1,3,6,5,4,5,1,6,2,3,3,1,6,3,2,1,2,6,2,5,1,1,3,2,5,1,2,3,4,3,6,1,1,1,1,1,3,5,3,5,4,4,1,5,2,1,7,8,6,4,6,3,8,8,1,2,6,5,1,4,3,1,8,8
11,8,3,1,1,3

2019-08-27 17:43:20.222710 imagenet 250000
2,5,1,4,6,3,6,2,1,3,6,5,4,5,1,6,3,1,3,3,6,3,1,1,2,6,2,2,1,1,5,4,1,1,4,3,4,3,6,1,1,1,1,1,7,5,3,5,4,4,1,5,2,1,7,8,6,4,6,3,8,8,3,2,1,5,4,4,3,1,3,5
9,8,6,2,1,6

2019-08-27 17:43:39.251694 imagenet 252500
4,5,1,2,6,3,6,2,1,3,6,5,4,5,3,6,3,3,3,3,6,3,2,1,1,6,2,2,1,1,1,2,3,4,4,3,4,3,6,1,1,1,1,1,3,5,3,8,4,4,1,5,2,4,7,8,3,8,6,3,8,8,1,2,6,5,1,4,3,1,3,5
11,6,4,1,1,5

2019-08-27 17:43:58.343191 imagenet 255000
4,5,1,4,6,3,6,2,1,3,6,6,2,5,1,6,3,6,4,3,6,3,1,6,2,6,1,2,1,1,5,6,3,4,4,5,4,8,6,1,1,1,1,1,3,5,3,1,4,4,1,5,2,1,2,8,6,4,6,3,8,8,3,2,1,5,1,4,3,1,8,6
9,5,9,1,1,4

2019-08-27 17:44:18.035695 imagenet 257500
2,5,1,4,6,3,6,2,1,3,6,6,2,5,3,6,2,3,3,1,6,3,1,6,1,6,2,2,1,1,5,2,3,4,4,5,4,4,6,1,1,1,1,1,3,5,6,1,4,4,1,5,2,1,7,8,3,4,6,3,8,8,3,2,1,5,1,4,3,2,3,5
8,6,6,1,1,6

2019-08-27 17:44:37.021998 imagenet 260000
2,5,1,4,6,3,6,2,1,3,6,6,4,5,3,6,2,6,3,3,6,3,2,1,1,6,2,2,1,1,5,4,3,4,4,5,4,8,6,1,1,1,1,1,3,5,3,5,4,4,1,5,1,1,5,8,6,4,6,3,8,8,3,2,1,5,3,4,3,5,8,8
8,7,6,1,2,4

2019-08-27 17:44:55.968582 imagenet 262500
2,5,1,2,6,3,6,2,1,3,3,6,2,5,4,6,3,6,3,3,6,3,2,6,1,6,2,1,1,1,1,3,3,4,4,5,4,5,6,1,1,1,1,1,3,5,3,5,4,4,1,5,2,1,7,8,6,4,6,3,8,8,3,2,1,5,1,4,3,1,8,5
9,5,4,1,1,5

2019-08-27 17:45:14.969907 imagenet 265000
4,5,1,2,6,3,6,2,1,3,5,6,4,5,1,6,2,3,6,1,1,3,1,6,5,6,2,2,1,1,5,3,3,4,4,5,4,8,6,1,1,1,1,1,3,1,3,5,4,4,1,4,8,7,5,8,6,4,6,3,8,8,3,2,1,5,4,3,3,2,2,2
10,6,6,1,3,3

2019-08-27 17:45:34.130069 imagenet 267500
4,5,1,2,6,3,6,2,1,3,5,4,4,5,3,6,1,3,4,1,6,3,1,1,2,6,1,5,1,1,5,2,3,1,4,5,4,8,6,1,1,1,1,1,3,5,1,5,4,4,1,5,2,1,7,1,6,4,6,3,8,8,3,2,1,5,3,4,5,1,8,2
10,5,7,2,1,4

2019-08-27 17:45:53.508437 imagenet 270000
4,5,1,2,6,3,6,2,1,3,6,5,4,5,3,6,1,3,3,1,6,3,2,1,2,6,2,2,1,1,5,6,3,1,4,3,4,8,6,1,1,1,1,1,7,1,3,1,4,4,1,7,5,4,3,6,2,4,6,3,8,5,3,2,1,5,3,4,3,7,8,8
11,6,7,2,2,4

2019-08-27 17:46:12.923222 imagenet 272500
4,5,1,2,6,3,6,2,1,3,6,5,4,5,3,6,2,6,3,3,6,5,2,6,1,6,2,2,1,1,5,3,3,4,2,5,4,1,6,1,1,1,1,1,2,5,6,1,6,8,3,4,1,1,3,8,6,4,6,2,8,5,3,2,6,3,3,3,5,5,3,8
11,6,5,1,1,2

2019-08-27 17:46:31.819258 imagenet 275000
4,5,1,2,6,3,6,2,1,3,6,5,4,5,3,6,2,6,3,1,6,3,2,6,1,6,1,2,1,1,5,4,3,4,4,5,4,3,6,1,1,1,1,1,3,5,3,1,4,4,1,5,2,1,7,8,6,4,6,3,2,8,3,2,6,5,1,4,3,5,3,5
11,7,7,1,1,5

2019-08-27 17:46:50.949901 imagenet 277500
4,5,1,2,6,3,6,2,1,3,6,5,4,5,1,6,1,3,4,1,6,3,4,1,2,6,1,2,1,1,5,6,3,1,4,5,4,3,6,1,1,1,1,1,3,5,3,1,6,2,1,5,1,1,3,6,3,4,6,3,8,8,1,2,1,5,3,4,3,7,2,8
11,6,9,1,0,4

2019-08-27 17:47:09.979471 imagenet 280000
4,5,1,2,6,3,6,2,1,3,6,5,4,5,1,6,2,3,3,1,6,3,2,6,2,6,1,2,1,1,5,4,3,4,4,3,4,8,6,1,1,1,1,1,3,5,3,1,6,2,1,5,1,1,7,1,3,4,1,3,8,8,3,2,6,5,3,3,5,5,2,8
11,8,7,1,0,2

2019-08-27 17:47:28.828961 imagenet 282500
4,5,1,2,6,3,6,2,1,3,6,6,4,5,1,6,2,3,3,1,6,3,2,1,2,6,2,2,1,1,5,6,5,4,2,3,4,8,6,1,1,1,1,1,3,5,3,5,4,2,1,5,2,1,3,8,6,4,6,3,8,8,3,7,6,5,3,4,3,6,3,8
10,8,6,1,0,4

2019-08-27 17:47:47.577980 imagenet 285000
4,5,1,2,6,3,6,2,1,3,6,5,4,5,3,6,1,3,3,1,6,3,2,1,1,6,1,2,1,1,5,2,3,4,4,5,4,3,6,1,1,1,1,1,3,5,3,1,4,4,1,5,1,4,7,8,6,4,1,3,8,8,1,2,6,5,1,4,3,1,3,8
11,6,7,1,1,4

2019-08-27 17:48:07.242179 imagenet 287500
4,5,1,2,6,3,6,2,1,3,6,6,4,5,1,6,1,6,3,1,6,3,2,1,2,6,2,2,1,1,5,2,3,4,4,5,4,4,6,1,1,1,1,1,3,5,3,5,4,4,1,5,2,1,7,8,6,4,6,3,8,8,3,2,6,5,1,4,3,1,3,5
10,7,7,1,1,5

2019-08-27 17:48:26.223101 imagenet 290000
4,5,1,2,6,3,6,2,1,3,6,5,4,5,1,6,1,3,3,1,6,3,2,1,2,6,2,2,1,1,5,2,3,1,4,3,4,3,6,1,1,1,1,1,3,5,3,5,4,4,1,5,2,4,7,8,6,4,6,3,8,8,3,2,1,8,4,4,3,7,3,8
11,7,6,1,1,4

2019-08-27 17:48:45.220099 imagenet 292500
4,5,1,2,6,3,6,2,1,3,3,6,4,5,3,6,1,3,1,1,6,3,1,1,2,6,2,2,1,1,1,5,3,4,4,5,4,8,6,1,1,1,1,1,3,5,3,5,4,4,1,5,2,1,7,8,6,4,6,3,8,8,3,2,1,5,1,4,3,2,3,5
10,5,6,1,1,6

2019-08-27 17:49:04.068694 imagenet 295000
4,5,1,4,1,3,6,2,1,3,6,6,2,5,3,6,2,3,3,2,6,3,2,6,1,6,2,2,1,1,5,3,3,4,4,5,4,4,6,1,1,1,1,1,3,5,3,5,4,4,1,5,2,1,7,8,6,4,6,3,8,8,3,2,6,5,1,4,3,1,3,5
8,6,6,1,1,5

2019-08-27 17:49:23.182285 imagenet 297500
4,5,1,4,1,3,6,2,1,3,6,5,4,5,3,6,2,3,3,3,6,3,1,1,2,6,2,2,1,5,5,2,3,4,4,5,4,3,6,1,1,1,1,1,3,5,3,5,4,4,1,5,2,1,7,8,6,4,6,3,8,8,3,2,6,5,1,4,3,1,3,8
9,7,7,1,1,4

2019-08-27 17:49:43.984976 imagenet 300000
4,5,1,2,6,3,6,2,1,3,6,6,4,5,3,6,2,3,3,1,1,3,2,6,2,6,1,2,1,1,5,2,3,4,4,3,4,3,6,1,1,1,1,1,3,5,3,1,4,4,1,5,2,1,7,8,6,4,6,3,8,8,3,2,1,5,1,4,3,6,3,8
10,6,7,1,1,6

2019-08-27 17:50:02.906186 imagenet 302500
4,5,1,2,6,3,6,2,1,3,6,6,4,5,3,6,2,3,4,1,6,3,2,1,2,6,1,2,1,1,5,6,3,4,4,5,4,3,6,1,1,1,1,1,3,5,3,5,4,4,1,5,2,1,7,8,6,4,6,3,8,8,3,2,6,5,1,4,3,5,3,5
10,6,9,1,1,5

2019-08-27 17:50:21.759713 imagenet 305000
4,5,1,2,6,3,6,2,1,3,6,6,4,5,3,6,2,6,3,3,1,3,2,1,2,6,2,2,1,1,1,2,5,4,4,5,4,4,6,1,1,1,1,1,3,5,3,1,4,4,1,5,2,1,7,8,6,4,6,3,8,8,3,2,1,5,1,4,3,1,8,5
10,6,6,1,1,5

2019-08-27 17:50:40.875319 imagenet 307500
4,5,1,2,6,3,6,2,1,3,6,2,4,5,3,6,1,6,3,5,1,3,2,1,2,6,1,2,1,1,1,6,3,4,4,5,4,4,6,1,1,1,1,1,3,5,2,5,4,4,1,5,1,1,7,8,6,4,6,3,2,8,3,7,1,5,1,4,3,2,8,8
10,5,8,1,1,3

2019-08-27 17:51:00.601658 imagenet 310000
4,5,1,2,6,3,6,2,1,3,6,5,4,5,1,6,2,6,4,1,1,3,1,1,2,6,2,2,1,1,5,4,3,1,4,3,4,4,6,1,1,1,1,1,3,5,3,5,4,4,1,5,2,1,7,8,6,4,6,3,8,8,3,2,6,5,1,4,3,5,3,5
11,6,6,1,1,5

2019-08-27 17:51:20.388444 imagenet 312500
4,5,1,2,6,3,6,2,1,3,3,6,4,5,1,6,2,6,3,3,1,3,2,1,2,6,2,2,1,1,5,2,3,4,4,5,4,5,6,1,1,1,1,1,3,5,3,5,4,4,1,5,1,1,3,8,6,4,6,3,8,8,3,2,6,5,1,4,3,6,2,5
10,7,7,1,1,5

2019-08-27 17:51:39.547166 imagenet 315000
4,5,1,2,6,3,6,2,1,3,5,2,4,5,3,6,2,3,6,1,1,3,1,1,2,6,1,2,1,1,1,6,3,4,4,5,4,4,6,1,1,1,1,1,3,5,6,5,4,4,1,5,2,1,7,8,6,4,6,3,8,8,3,2,1,5,1,4,3,1,3,5
10,5,8,1,1,6

2019-08-27 17:51:58.911305 imagenet 317500
2,5,1,2,6,3,6,2,1,3,6,6,2,5,3,6,2,3,6,1,6,3,1,6,1,6,2,1,1,1,5,4,3,4,2,3,4,4,6,1,1,1,1,1,3,5,6,5,4,4,1,5,2,1,7,8,6,4,6,3,8,8,3,2,6,5,1,4,3,1,3,8
9,5,3,1,1,4

2019-08-27 17:52:17.802869 imagenet 320000
4,5,1,2,6,3,6,2,1,3,5,5,4,5,1,6,3,1,3,6,6,3,2,1,2,6,1,5,1,1,5,2,3,1,5,3,4,3,6,1,1,1,1,1,3,5,6,1,4,4,1,5,2,1,7,8,6,4,6,3,8,8,3,2,6,5,1,4,3,5,8,5
11,8,5,1,1,4

2019-08-27 17:52:36.839003 imagenet 322500
4,5,1,2,6,3,6,2,1,3,6,6,4,5,1,6,1,3,6,1,5,3,2,1,2,6,2,2,1,1,5,6,3,1,5,3,4,8,6,1,1,1,1,1,3,5,3,5,4,4,1,5,2,1,7,8,2,4,6,3,8,8,3,2,1,5,1,4,3,5,3,5
10,5,6,1,1,6

2019-08-27 17:52:55.844622 imagenet 325000
4,5,1,2,1,3,6,2,1,3,6,5,4,5,1,6,1,3,3,1,1,3,2,1,1,6,2,2,1,1,5,6,5,4,2,5,4,3,6,1,1,1,1,1,3,5,3,1,4,4,1,5,2,1,7,8,6,4,6,3,8,8,3,2,6,5,1,4,3,5,3,8
10,6,6,1,1,4

2019-08-27 17:53:14.822871 imagenet 327500
4,5,1,2,6,3,6,2,1,3,6,6,4,5,3,6,2,6,4,1,1,3,2,6,1,6,2,2,1,1,5,4,5,4,2,5,4,4,6,1,1,1,1,1,3,5,3,5,4,4,1,5,2,1,7,8,6,4,6,3,8,8,3,2,6,5,1,4,3,5,3,5
10,5,5,1,1,5

